88231
33164
102192
11513
89888
452797
43584
16452
88644
54917
64259
49415
56273
209106
98401
101823
92080
81673
84319
74551
102932
64264
81701
44669
82189
88930
201053
3273
21365
18494
15453
20539
95864
24226
378657
31798
8237
42147
1268809
27819
55101
50271
48753
114299
1323686
116905
62510
94291
39028
47920
1161915
6125
13254
51925
29484
42836
31619
111788
429659
7129
21342
4036
17621
37952
62951
158673
49722
59465
90636
343838
65617
56322
1395789
45930
7431
21333
74442
46772
64825
48032
14452
41263
1186507
11456
38189
1226198
61263
38768
59365
1253225
35417
143737
16708
14126
61657
13088
32613
13532
1294
4808
11747
458053
30578
10398
379175
20923
18382
8700
29017
114779
4419
25106
61092
635206
82457
80992
17015
365996
67085
632226
16449
37929
229688
164799
122776
13578
122076
600067
2379952
23889
44495
14855
19765
40081
2408
59438
31132
91093
77391
41148
634701
19638
27932
144145
40281
108162
131398
297677
81548
19678
81490
59925
351791
402867
10137
12962
13025
13841
35359
86995
54687
20018
6169
29846
24007
10873
45824
22089
11879
12864
13722
45231
164708
21703
35139
102764
43563
51177
123406
71947
183383
21002
41455
103188
250298
1675513
380470
59158
111706
83842
20104
49267
65189
130998
179354
194611
118276
339080
430974
126546
100121
402321
926679
271682
188064
112657
31792
304826
118047
61568
71994
64285
397338
191842
109975
252262
167568
613701
420680
174616
413613
290283
446362
246487
229740
144634
434266
1600780
579605
285937
388693
343613
351837
327831
205119
719404
388027
370402
1618474
257534
373707
970403
281881
530014
544059
446977
279114
806535
345366
467351
1202515
469116
819364
390564
322503
269794
690087
572898
331614
2797539
821814
307333
439861
657328
404815
789203
318182
299794
809289
1654885
324717
364782
387133
1757360
300753
606902
439935
304051
339025
2314906
321084
281223
233356
603629
840342
349865
495563
514403
412442
907162
415650
1106762
1683279
309536
299016
582436
310072
387582
443786
763768
392357
1375173
388315
520431
375128
421898
634077
2014920
584372
762721
1022737
325163
1498595
686062
1034767
466164
648509
1112640
518674
1515514
774874
295481
612751
1828908
397373
215447
391792
2080012
850143
656289
257240
1412187
1065719
745625
485580
261668
2530207
356134
198727
794879
1711808
705587
801313
559179
3203084
1057035
321354
660132
1791901
422870
582770
1900541
5434243
1295509
573552
543725
1036145
1761158
1245898
518722
798198
1124684
1730079
604107
648604
549666
648526
402498
567720
378199
679119
812397
1790371
935329
567898
416748
776010
1687845
615618
671842
920267
502781
647981
716211
875977
610366
751963
644855
548662
618611
2485575
526007
643608
982526
468733
808632
394886
475851
1149131
704960
389755
885793
274849
510033
607139
403784
711606
475058
770879
561448
422110
432302
1573638
1023556
572815
624949
677694
637498
624884
1609794
374398
784134
839456
691188
828307
692422
634427
362896
1758685
357263
465840
619570
429014
3657957
286740
473037
578159
1455718
1214017
2031145
686577
3529668
651929
410518
732966
767056
961890
1794116
482791
443309
876841
1425839
948808
533067
591003
380545
236502
935491
431967
223147
661711
307898
201769
572100
197359
536433
2765352
1013486
255803
331479
343414
383206
305901
391080
564098
1685490
325684
1933318
225289
622286
2925976
349091
1544291
404067
612735
1353585
617956
350590
341413
927074
385112
275513
516253
1926833
307427
2044553
233467
219850
303673
470121
246449
156446
308019
708391
147459
1372449
346280
197852
1336009
467855
267463
191848
3698536
2837392
90380
140565
411884
621904
645186
151655
400473
639964
206913
344119
243161
127107
420712
332312
141249
313695
84784
236289
85294
220433
202319
91439
322442
272258
193520
139966
225459
550299
69566
271111
201929
134910
143226
222122
419880
146470
420740
234886
167437
190992
450234
186044
187458
133191
187947
257571
132351
163993
11133
1448870
256273
135569
507588
217886
230272
379103
427347
61198
193636
193418
224601
124377
219233
74515
348400
165037
272433
243940
281524
211134
284131
78938
322649
1946294
182098
860252
64181
969114
16315
85338
35099
83323
59170
82468
41861
334915
1688523
1947049
79643
70600
1291694
13796
252292
120108
161362
171086
170883
161703
416739
3366465
79977
130133
272984
137460
87001
119552
172042
194100
185253
133729
255233
207666
74804
68550
70388
452495
83898
93247
99243
157329
220470
207016
1341966
219850
162829
87016
123328
232900
279798
336565
110136
251388
273508
1149168
115630
133124
103143
90069
141784
207670
131058
104350
207023
199467
283217
336815
66295
463425
246505
1415887
251895
185533
