5363.765625
925.342590
127.837990
355.577240
287.242920
692.877502
1394.385498
176.693604
176.403595
30.809109
437.207245
298.820190
84.469498
1534.911255
1336.054810
289.876617
181.907806
2220.121582
437.310059
1234.157593
398.474884
171.410355
241.487259
32.891216
76.199631
292.269684
1088.603516
193.772247
400.102173
161.932617
42.861813
123.875061
610.223877
1390.331909
139.779770
508.196808
208.864578
127.352165
4.107002
459.341156
637.834717
8.030485
148.174377
129.198090
195.449875
1195.924194
209.589005
55.881359
592.735352
378.250397
121.310677
336.982574
655.271362
589.075256
466.988831
817.800842
328.669525
49.252831
43.419750
1279.150146
45.710911
312.091644
301.572510
521.167419
6.134656
321.728424
603.852173
1094.755981
24.473791
1189.299927
315.554962
436.446472
585.480347
41.112930
289.836029
349.848877
27.750975
1365.826416
124.284492
119.108116
86.200966
947.267395
1890.166382
170.294098
64.448540
211.101883
139.691391
146.440735
0.247364
53.892769
664.143188
539.714783
477.586151
304.247192
239.835129
76.299576
404.419617
78.716805
598.446167
400.765839
283.374786
346.451782
569.099304
786.514038
854.252319
255.104752
100.423805
1555.399170
285.804504
317.588409
20.832008
132.274384
268.934906
52.782509
214.516068
78.430168
836.649658
705.997498
153.220886
929.210388
1093.463501
589.604431
2650.073242
401.976898
1649.778564
156.353012
29.247864
651.190979
779.991211
523.307800
54.705433
195.071869
864.409668
175.029129
434.464600
432.211090
316.435974
872.992493
242.875763
76.518501
240.611328
20.809069
267.651611
871.083862
7.680164
408.103180
891.009216
260.528259
628.535583
326.800720
350.256958
18.102057
944.852417
734.746887
520.857605
211.300644
942.392883
195.635330
216.869522
100.044601
636.354492
338.225555
430.345551
726.838684
1625.021484
47.215870
388.733002
890.362305
24.607386
406.380737
926.555481
55.396301
1087.569336
829.760620
1206.221313
459.340698
626.854248
913.121399
111.502609
358.914276
479.528107
361.937134
96.721420
32.284679
195.360611
700.674866
176.204910
43.563381
632.170166
68.346481
343.202332
310.797821
232.729004
91.887871
127.694214
352.015686
22.742800
208.792374
375.209442
87.923500
169.945923
161.272049
5.901984
21.283878
73.456924
565.769958
283.271423
303.216522
1034.990479
402.268524
251.083176
60.098759
374.474518
143.722351
63.914753
152.626190
101.382973
158.468536
136.301453
1805.770996
55.199211
293.953491
350.953339
1245.548218
154.043533
326.400635
184.272690
174.558792
735.209534
39.709122
65.692528
53.150768
277.768280
899.531250
363.910889
4.878615
700.074219
368.312042
525.911316
303.017242
57.535931
374.799225
346.827881
98.017265
459.566772
708.647949
0.403140
854.595215
210.417740
220.763443
3387.990234
3210.010986
117.247711
145.233063
520.960571
398.215179
174.261169
175.554535
722.346130
81.484879
156.931152
85.710449
1075.963135
1142.383789
122.794968
211.081284
703.643494
704.295410
1146.176758
430.921143
22.363096
24.579321
429.713898
598.619812
167.839981
574.174011
115.179703
111.088036
393.072174
577.202087
748.164124
2044.377075
753.233704
7.712325
643.379700
90.681671
908.600708
420.115143
232.260925
790.231567
85.904922
842.501343
5.536367
619.502502
663.352905
1042.983521
691.937927
207.367996
165.317261
104.785706
165.162949
129.449722
183.016220
208.294342
1311.318115
234.386139
676.410034
521.532227
162.815735
977.070068
123.652054
292.967560
269.488403
242.252914
506.210724
160.763840
887.084229
831.199707
329.788727
68.682640
94.291122
267.086304
137.976974
525.514282
912.369629
290.869812
533.183838
242.151871
299.992249
384.103424
616.542480
453.278748
426.026581
367.451141
338.738678
432.086517
581.854248
1162.198608
453.875824
625.297729
181.476547
178.462845
303.658600
144.435089
149.370667
25.925583
353.545563
28.147137
517.568115
353.806244
300.819153
188.613754
415.907593
228.760406
6.199148
864.231140
182.622696
487.037476
279.649109
295.851440
85.418365
1917.325684
590.233459
201.468704
275.936737
39.105457
603.049316
13.854100
638.399597
77.382652
166.619247
358.469299
92.144691
1739.374390
833.856079
158.201004
157.635849
378.013153
246.593155
130.195724
3.878899
165.532425
581.497192
128.891266
805.177979
2490.701416
320.147949
1152.660156
827.285400
46.393124
111.596497
133.259079
378.235474
2308.547119
244.743683
299.644745
1234.106079
277.705841
429.856903
699.452576
434.518127
213.049484
190.204468
156.674332
282.223877
580.230530
92.797920
451.209198
171.856339
534.021240
2131.564941
1033.390747
297.466461
115.758766
689.295715
1320.807007
1208.981567
835.205994
147.478455
553.778687
1361.127075
336.913300
357.059845
298.318054
367.835541
864.481018
571.120911
82.980492
165.559784
250.246002
175.150864
504.127960
1303.031738
6.023306
279.074341
2920.687988
70.826393
1609.527710
444.342316
325.740051
251.513458
138.000366
176.379578
284.256287
1521.703491
957.789246
12.319470
761.750366
477.191864
222.413116
227.277634
945.207275
270.353271
21.468611
469.969788
80.568581
11.899413
616.240479
629.620300
391.050873
94.413277
49.121754
642.386414
124.822113
166.072220
362.390137
608.199524
185.761581
980.446045
712.887512
991.919678
275.237122
2327.818115
792.574463
233.515594
382.981964
1138.112427
170.984268
447.057281
81.601242
953.598999
12.323912
1605.199951
1150.177002
321.481049
119.562729
31.132532
632.116028
466.490295
119.754440
316.240387
131.690125
181.395523
174.815247
127.135277
1511.814209
669.303406
687.270020
262.386658
194.677979
220.571014
451.754059
680.865784
663.172668
194.405670
819.391724
134.834930
836.677673
1388.661865
188.173889
948.799927
23.803879
330.865997
217.301483
41.009338
1834.056763
237.962051
148.672577
319.328766
1334.072998
372.825104
299.032349
118.078926
1244.413330
371.630798
10.530551
346.623413
507.055969
368.407745
135.344193
722.169617
804.644226
450.461517
28.359581
16.322712
623.441772
1210.920898
952.819641
292.781525
835.749268
300.323761
1027.333008
78.681366
455.333862
391.529938
509.597992
153.964111
251.036362
62.541603
126.246666
81.387817
162.844025
430.643188
30.541412
228.788376
463.423798
281.510223
359.149658
416.067383
650.184937
1134.921265
394.024658
342.121765
565.060547
1028.269409
698.269897
100.643913
291.828064
183.493622
66.874146
643.948120
155.233063
608.125671
438.017487
1146.487915
354.471924
664.785034
104.451309
324.167023
2616.487061
603.895691
186.320312
390.132355
765.279785
16.973591
916.749207
104.162903
25.302279
805.241150
228.488113
1255.381348
482.188507
560.827209
307.471893
87.293816
82.621506
145.792770
506.532013
100.606552
209.496170
1411.214355
1452.467163
855.455383
120.971428
1270.443359
298.919617
33.522495
689.646484
723.902161
1103.590332
162.909256
158.516449
321.124664
611.397705
155.228668
443.357666
732.725037
665.293457
378.579956
344.912933
68.172890
10.503422
369.853119
1539.273315
295.011017
1575.357666
129.308365
239.468979
88.923759
506.331818
666.333069
284.033844
384.346375
413.927307
5.819165
15.350547
73.853172
64.833771
531.913818
870.348999
1.096792
203.926971
346.298401
32.167023
168.761200
93.091766
279.796967
254.186600
838.226746
25.685444
89.787918
849.252991
1456.290161
487.308472
1006.833252
1066.463867
299.385376
1732.784302
263.294312
70.462372
301.028442
179.619339
139.102921
163.712326
1724.821777
752.853516
182.015472
