1 88231
2 33164
3 102192
4 11513
5 89888
6 452797
7 43584
8 16452
9 88644
10 54917
11 64259
12 49415
13 56273
14 209106
15 98401
16 101823
17 92080
18 81673
19 84319
20 74551
21 102932
22 64264
23 81701
24 44669
25 82189
26 88930
27 201053
28 3273
29 21365
30 18494
31 15453
32 20539
33 95864
34 24226
35 378657
36 31798
37 8237
38 42147
39 1268809
40 27819
41 55101
42 50271
43 48753
44 114299
45 1323686
46 116905
47 62510
48 94291
49 39028
50 47920
51 1161915
52 6125
53 13254
54 51925
55 29484
56 42836
57 31619
58 111788
59 429659
60 7129
61 21342
62 4036
63 17621
64 37952
65 62951
66 158673
67 49722
68 59465
69 90636
70 343838
71 65617
72 56322
73 1395789
74 45930
75 7431
76 21333
77 74442
78 46772
79 64825
80 48032
81 14452
82 41263
83 1186507
84 11456
85 38189
86 1226198
87 61263
88 38768
89 59365
90 1253225
91 35417
92 143737
93 16708
94 14126
95 61657
96 13088
97 32613
98 13532
99 1294
100 4808
101 11747
102 458053
103 30578
104 10398
105 379175
106 20923
107 18382
108 8700
109 29017
110 114779
111 4419
112 25106
113 61092
114 635206
115 82457
116 80992
117 17015
118 365996
119 67085
120 632226
121 16449
122 37929
123 229688
124 164799
125 122776
126 13578
127 122076
128 600067
129 2379952
130 23889
131 44495
132 14855
133 19765
134 40081
135 2408
136 59438
137 31132
138 91093
139 77391
140 41148
141 634701
142 19638
143 27932
144 144145
145 40281
146 108162
147 131398
148 297677
149 81548
150 19678
151 81490
152 59925
153 351791
154 402867
155 10137
156 12962
157 13025
158 13841
159 35359
160 86995
161 54687
162 20018
163 6169
164 29846
165 24007
166 10873
167 45824
168 22089
169 11879
170 12864
171 13722
172 45231
173 164708
174 21703
175 35139
176 102764
177 43563
178 51177
179 123406
180 71947
181 183383
182 21002
183 41455
184 103188
185 250298
186 1675513
187 380470
188 59158
189 111706
190 83842
191 20104
192 49267
193 65189
194 130998
195 179354
196 194611
197 118276
198 339080
199 430974
200 126546
201 100121
202 402321
203 926679
204 271682
205 188064
206 112657
207 31792
208 304826
209 118047
210 61568
211 71994
212 64285
213 397338
214 191842
215 109975
216 252262
217 167568
218 613701
219 420680
220 174616
221 413613
222 290283
223 446362
224 246487
225 229740
226 144634
227 434266
228 1600780
229 579605
230 285937
231 388693
232 343613
233 351837
234 327831
235 205119
236 719404
237 388027
238 370402
239 1618474
240 257534
241 373707
242 970403
243 281881
244 530014
245 544059
246 446977
247 279114
248 806535
249 345366
250 467351
251 1202515
252 469116
253 819364
254 390564
255 322503
256 269794
257 690087
258 572898
259 331614
260 2797539
261 821814
262 307333
263 439861
264 657328
265 404815
266 789203
267 318182
268 299794
269 809289
270 1654885
271 324717
272 364782
273 387133
274 1757360
275 300753
276 606902
277 439935
278 304051
279 339025
280 2314906
281 321084
282 281223
283 233356
284 603629
285 840342
286 349865
287 495563
288 514403
289 412442
290 907162
291 415650
292 1106762
293 1683279
294 309536
295 299016
296 582436
297 310072
298 387582
299 443786
300 763768
301 392357
302 1375173
303 388315
304 520431
305 375128
306 421898
307 634077
308 2014920
309 584372
310 762721
311 1022737
312 325163
313 1498595
314 686062
315 1034767
316 466164
317 648509
318 1112640
319 518674
320 1515514
321 774874
322 295481
323 612751
324 1828908
325 397373
326 215447
327 391792
328 2080012
329 850143
330 656289
331 257240
332 1412187
333 1065719
334 745625
335 485580
336 261668
337 2530207
338 356134
339 198727
340 794879
341 1711808
342 705587
343 801313
344 559179
345 3203084
346 1057035
347 321354
348 660132
349 1791901
350 422870
351 582770
352 1900541
353 5434243
354 1295509
355 573552
356 543725
357 1036145
358 1761158
359 1245898
360 518722
361 798198
362 1124684
363 1730079
364 604107
365 648604
366 549666
367 648526
368 402498
369 567720
370 378199
371 679119
372 812397
373 1790371
374 935329
375 567898
376 416748
377 776010
378 1687845
379 615618
380 671842
381 920267
382 502781
383 647981
384 716211
385 875977
386 610366
387 751963
388 644855
389 548662
390 618611
391 2485575
392 526007
393 643608
394 982526
395 468733
396 808632
397 394886
398 475851
399 1149131
400 704960
401 389755
402 885793
403 274849
404 510033
405 607139
406 403784
407 711606
408 475058
409 770879
410 561448
411 422110
412 432302
413 1573638
414 1023556
415 572815
416 624949
417 677694
418 637498
419 624884
420 1609794
421 374398
422 784134
423 839456
424 691188
425 828307
426 692422
427 634427
428 362896
429 1758685
430 357263
431 465840
432 619570
433 429014
434 3657957
435 286740
436 473037
437 578159
438 1455718
439 1214017
440 2031145
441 686577
442 3529668
443 651929
444 410518
445 732966
446 767056
447 961890
448 1794116
449 482791
450 443309
451 876841
452 1425839
453 948808
454 533067
455 591003
456 380545
457 236502
458 935491
459 431967
460 223147
461 661711
462 307898
463 201769
464 572100
465 197359
466 536433
467 2765352
468 1013486
469 255803
470 331479
471 343414
472 383206
473 305901
474 391080
475 564098
476 1685490
477 325684
478 1933318
479 225289
480 622286
481 2925976
482 349091
483 1544291
484 404067
485 612735
486 1353585
487 617956
488 350590
489 341413
490 927074
491 385112
492 275513
493 516253
494 1926833
495 307427
496 2044553
497 233467
498 219850
499 303673
500 470121
501 246449
502 156446
503 308019
504 708391
505 147459
506 1372449
507 346280
508 197852
509 1336009
510 467855
511 267463
512 191848
513 3698536
514 2837392
515 90380
516 140565
517 411884
518 621904
519 645186
520 151655
521 400473
522 639964
523 206913
524 344119
525 243161
526 127107
527 420712
528 332312
529 141249
530 313695
531 84784
532 236289
533 85294
534 220433
535 202319
536 91439
537 322442
538 272258
539 193520
540 139966
541 225459
542 550299
543 69566
544 271111
545 201929
546 134910
547 143226
548 222122
549 419880
550 146470
551 420740
552 234886
553 167437
554 190992
555 450234
556 186044
557 187458
558 133191
559 187947
560 257571
561 132351
562 163993
563 11133
564 1448870
565 256273
566 135569
567 507588
568 217886
569 230272
570 379103
571 427347
572 61198
573 193636
574 193418
575 224601
576 124377
577 219233
578 74515
579 348400
580 165037
581 272433
582 243940
583 281524
584 211134
585 284131
586 78938
587 322649
588 1946294
589 182098
590 860252
591 64181
592 969114
593 16315
594 85338
595 35099
596 83323
597 59170
598 82468
599 41861
600 334915
601 1688523
602 1947049
603 79643
604 70600
605 1291694
606 13796
607 252292
608 120108
609 161362
610 171086
611 170883
612 161703
613 416739
614 3366465
615 79977
616 130133
617 272984
618 137460
619 87001
620 119552
621 172042
622 194100
623 185253
624 133729
625 255233
626 207666
627 74804
628 68550
629 70388
630 452495
631 83898
632 93247
633 99243
634 157329
635 220470
636 207016
637 1341966
638 219850
639 162829
640 87016
641 123328
642 232900
643 279798
644 336565
645 110136
646 251388
647 273508
648 1149168
649 115630
650 133124
651 103143
652 90069
653 141784
654 207670
655 131058
656 104350
657 207023
658 199467
659 283217
660 336815
661 66295
662 463425
663 246505
664 1415887
665 251895
666 185533
